9 by 9 sudoku problems with 3 by 3 subgrid size

[[0, 0, 0, 0, 3, 0, 0, 0, 5], [0, 4, 0, 6, 0, 9, 3, 0, 1], [0, 0, 0, 0, 0, 0, 0, 0, 8],
[7, 9, 0, 0, 0, 1, 6, 0, 3], [0, 0, 0, 0, 0, 0, 5, 0, 0], [0, 3, 0, 9, 4, 6, 7, 0, 0],
[3, 6, 0, 0, 0, 0, 0, 0, 0], [0, 7, 0, 0, 0, 0, 0, 2, 9], [0, 0, 8, 0, 0, 4, 0, 0, 0]]

12 by 12 sudoku problems with 3 by 4 subgrid size

[[0, 0, 0, 2, 1, 11, 5, 0, 8, 10, 0, 0], 
[9, 0, 8, 0, 2, 0, 10, 0, 0, 3, 5, 7],
[10, 0, 0, 6, 4, 0, 0, 9, 11, 0, 12, 0],
[0, 12, 0, 3, 11, 10, 0, 5, 7, 0, 9, 0],
[4, 6, 0, 0, 12, 8, 1, 0, 3, 0, 0, 0],
[2, 0, 0, 0, 0, 3, 0, 0, 0, 0, 0, 1],
[11, 9, 0, 0, 10, 6, 0, 8, 1, 0, 3, 5], 
[0, 4, 0, 1, 0, 0, 11, 7, 10, 12, 2, 0],
[5, 8, 7, 0, 0, 2, 0, 0, 9, 0, 0, 6], 
[0, 0, 5, 0, 0, 0, 3, 12, 0, 4, 0, 10],
[0, 3, 0, 4, 9, 0, 0, 0, 6, 8, 1, 0], 
[1, 2, 12, 0, 6, 0, 7, 0, 0, 0, 11, 0]]


[[0, 0, 10, 0, 0, 0, 6, 0, 0, 0, 0, 9],
[0, 4, 0, 6, 2, 0, 0, 11, 0, 0, 0, 10],
[0, 0, 0, 1, 0, 4, 0, 0, 0, 7, 0, 3],
[0, 0, 8, 0, 0, 0, 11, 1, 0, 3, 7, 12],
[1, 0, 0, 10, 0, 0, 0, 0, 0, 0, 0, 5],
[0, 12, 0, 0, 5, 2, 0, 7, 4, 6, 0, 0],
[0, 0, 5, 4, 11, 0, 9, 2, 0, 0, 1, 0],
[9, 0, 0, 0, 0, 0, 0, 0, 8, 0, 0, 11],
[7, 8, 12, 0, 3, 1, 0, 0, 0, 9, 0, 0],
[8, 0, 11, 0, 0, 0, 3, 0, 5, 0, 0, 0],
 [2, 0, 0, 0, 10, 0, 0, 4, 9, 0, 12, 0],
[6, 0, 0, 0, 0, 12, 0, 0, 0, 11, 0, 0]]